SW 剣士、SH 盾持ち兵士 RS 構え変わる剣士 AR 矢
x座標 最小 -60.0 ～ 最大 60.0 内で設定(画面左端がマイナス、画面右端がプラス)
移動方向：L・・・左→右   R・・・右→左
構え：　　U・・・上段構え D・・・下段構え
※ 一時停止X座標はプレイヤーとの距離がどのぐらい離れている時に停止させ
※スペースを入れるときは必ず半角にしてください。

敵種類  x座標  ｙ座標  ｚ座標 出現時間(秒) ウェーブ数 初期猶予(秒)  一時停止X座標 移動速度 移動方向 構え HP
 SW	70	0	50	5	1	0	1	15	R	U      1
SW	-70	0	50	9	1	0	1	15	L	U      1
SW	70	0	50	5	2	0	1	15	R	D      1
SW	-70	0	50	9	2	0	1	15	L	D      1
SW	70	0	50	5	3	0	1	15	R	D      1
SW	-70	0	50	9	3	0	1	15	L	U      1
SW	70	0	50	9	3	0	1	15	R	U      1
SW	-70	0	50	13	3	0	1	15	L	D      1
SW	70	0	50	15	3	0	1	25	R	U      1
SH	70	0	50	3	4	0	1	15	R	U      1
SW	-70	0	50	7	4	0	1	25	L	D      1
SW	-70	0	50	10	4	0	1	25	L	D      1
SW	70	0	50	15	4	0	1	25	R	U      1
SH	-70	0	50	20	4	0	1	20	L	U      1
SW	70	0	50	26	4	0	1	25	R	D      1
SW	-70	0	50	33	4	0	1	25	L	D      1
SH	70	0	50	3	5	0	1	20	R	U      1
SW	-70	0	50	8	5	0	1	25	L	U      1
SW	-70	0	50	10	5	0	1	35	L	U      1
SH	-70	0	50	15	5	0	1	25	L	D      1
SW	70	0	50	18	5	0	1	35	R	U      1
SH	-70	0	50	25	5	0	1	20	L	U      1
SW	70	0	50	30	5	0	1	25	R	D      1
SW	70	0	50	3	6	0	1	30	R	U      1
SW	-70	0	50	4	6	0	1	30	L	D      1
SW	70	0	50	8	6	0	1	20	R	U      1
SH	-70	0	50	11	6	0	1	30	L	D      1
SW	70	0	50	16	6	0	1	25	R	D      1
SH	-70	0	50	17	6	0	1	25	L	U      1
SW	-70	0	50	23	6	0	1	20	L	U      1
SW	70	0	50	30	6	0	1	35	R	D      1
SH	-70	0	50	33	6	0	1	25	L	U      1
SW	70	0	50	34	6	0	1	40	R	D      1
SW	70	0	50	3	7	0	1	35	R	U      1
SW	-70	0	50	5	7	0	1	35	L	D      1
SH	70	0	50	9	7	0	1	40	R	D      1
SW	70	0	50	10	7	0	1	40	R	U      1
SW	70	0	50	11	7	0	1	40	R	D      1
SW	-70	0	50	20	7	0	1	25	L	D      1
SH	-70	0	50	23	7	0	1	30	L	D      1
SW	70	0	50	26	7	0	1	30	R	U      1
SW	70	0	50	30	7	0	1	40	R	D      1
SW	-70	0	50	30	7	0	1	40	L	U      1
SH	70	0	50	3	8	0	1	30	R	U      1
SW	-70	0	50	3	8	0	1	35	L	U      1
SW	-70	0	50	6	8	0	1	35	L	D      1
SW	70	0	50	9	8	0	1	35	R	U      1
SH	-70	0	50	14	8	0	1	30	L	U      1
SW	70	0	50	14	8	0	1	35	R	D      1
SH	70	0	50	17	8	0	1	30	R	U      1
SW	-70	0	50	17	8	0	1	35	L	U      1
SW	-70	0	50	20	8	0	1	35	L	D      1
SW	70	0	50	25	8	0	1	35	R	U      1
SH	-70	0	50	26	8	0	1	30	L	U      1
SW	70	0	50	29	8	0	1	35	R	D      1
SW	70	0	50	3	9	0	1	35	R	U      1
SW	-70	0	50	7	9	0	1	35	L	D      1
SW	70	0	50	11	9	0	1	35	R	D      1
SH	-70	0	50	15	9	0	1	30	L	U      1
SW	-70	0	50	15	9	0	1	35	L	U      1
SW	70	0	50	18	9	0	1	35	R	D      1
SH	-70	0	50	23	9	0	1	30	L	U      1
SW	70	0	50	23	9	0	1	20	R	D      1
SW	70	0	50	26	9	0	1	40	R	D      1
SH	-70	0	50	28	9	0	1	25	L	U      1
SW	70	0	50	30	9	0	1	40	R	D      1
SW	70	0	50	3       10	0	1       30      R	U      1
SW	-70	0	50	5       10	0	1	30	L	D      1
SH	70	0	50	10      10	0	1	20	R	U      1
SW	-70	0	50	13      10	0	1	40	L	U      1
SW	70	0	50	17      10	0	1	35	R	D      1
SW	-70	0	50	19      10	0	1	20	L	D      1
SH	-70	0	50	24      10	0	1	30	L	U      1
SW	70	0	50	27      10	0	1	40	R	D      1
SW	70	0	50	30      10	0	1	25	R	U      1
SW	-70	0	50	30      10	0	1	35	L	D      1
SW	70	0	50	3       11	0	1	45	R	U      1
SW	-70	0	50	6       11	0	1	35	L	D      1
SW	70	0	50	9       11	0	1	20	R	U      1
SH	-70	0	50	15      11	0	1	25	L	U      1
SW	70	0	50	19      11	0	1	35	R	D      1
SW	70	0	50	20      11	0	1	20	R	U      1
SW	-70	0	50	23      11	0	1	35	L	D      1
SH	-70	0	50	30      11	0	1	30	L	U      1
SW	-70	0	50	33      11	0	1	35	L	U      1
SW	70	0	50	3       12	0	1	30	R	D      1
SW	-70	0	50	3       12	0	1	20	L	U      1
SW	70	0	50	5       12	0	1	40	R	D      1
SH	-70	0	50	9       12	0	1	30	L	U      1
SW	-70	0	50	12      12	0	1	35	L	D      1
SW	70	0	50	12      12	0	1	25	R	D      1
SW	70	0	50	14      12	0	1	45	R	D      1
SW	70	0	50	17      12	0	1	30	R	U      1
SH	-70	0	50	18      12	0	1	30	L	U      1
SW	-70	0	50	25      12	0	1	50	L	D      1 




